   3.0023030e-02  -8.8228900e+01  -1.7404900e-07
   8.0023030e-02  -8.8228900e+01  -1.7404900e-07
   1.3002300e-01  -8.8228900e+01  -1.7404900e-07
   1.8002300e-01  -8.8228900e+01  -1.7404900e-07
   2.3002300e-01  -8.8228900e+01  -1.7404900e-07
   2.8002300e-01  -8.8228900e+01  -1.7404900e-07
   3.3002300e-01  -8.8228900e+01  -1.7404900e-07
   3.8002300e-01  -8.8228900e+01  -1.7404900e-07
   4.3002300e-01  -8.8228900e+01  -1.7404900e-07
   4.8002300e-01  -8.8228900e+01  -1.7404900e-07
   5.3002300e-01  -8.8228900e+01  -1.7404900e-07
   5.8002300e-01  -8.8228900e+01  -1.7404900e-07
   6.3002300e-01  -8.8228900e+01  -1.7404900e-07
   6.8002300e-01  -8.8228900e+01  -1.7404900e-07
   7.3002300e-01  -8.8228900e+01  -1.7404900e-07
   7.8002300e-01  -8.8228900e+01  -1.7404900e-07
   8.3002300e-01  -8.8228900e+01  -1.7404900e-07
   8.8002300e-01  -8.8228900e+01  -1.7404900e-07
   9.3002300e-01  -8.8228900e+01  -1.7404900e-07
   9.8002300e-01  -8.8228900e+01  -1.7404900e-07
   1.0300230e+00  -8.8228900e+01  -1.7404900e-07
   1.0800230e+00  -8.8228900e+01  -1.7404900e-07
   1.1300230e+00  -8.8228900e+01  -1.7404900e-07
   1.1800230e+00  -8.8228900e+01  -1.7404900e-07
   1.2300230e+00  -8.8228900e+01  -1.7404900e-07
   1.2800230e+00  -8.8228900e+01  -1.7404900e-07
   1.3300230e+00  -8.8228900e+01  -1.7404900e-07
   1.3800230e+00  -8.8228900e+01  -1.7404900e-07
   1.4300230e+00  -8.8228900e+01  -1.7404900e-07
   1.4800230e+00  -8.8228900e+01  -1.7404900e-07
   1.5300230e+00  -8.8228900e+01  -1.7404900e-07
   1.5800230e+00  -8.8228900e+01  -1.7404900e-07
   1.6300230e+00  -8.8228900e+01  -1.7404900e-07
   1.6800230e+00  -8.8228900e+01  -1.7404900e-07
   1.7300230e+00  -8.8228900e+01  -1.7404900e-07
   1.7800230e+00  -8.8228900e+01  -1.7404900e-07
   1.8300230e+00  -8.8228900e+01  -1.7404900e-07
   1.8800230e+00  -8.8228900e+01  -1.7404900e-07
   1.9300230e+00  -8.8228900e+01  -1.7404900e-07
   1.9800230e+00  -8.8228900e+01  -1.7404900e-07
   2.0300230e+00  -8.8228900e+01  -1.7404900e-07
   2.0800230e+00  -8.8228900e+01  -1.7404900e-07
   2.1300230e+00  -8.8228900e+01  -1.7404900e-07
   2.1800230e+00  -8.8228900e+01  -1.7404900e-07
   2.2300230e+00  -8.8228900e+01  -1.7404900e-07
   2.2800230e+00  -8.8228900e+01  -1.7404900e-07
   2.3300230e+00  -8.8228900e+01  -1.7404900e-07
   2.3800230e+00  -8.8228900e+01  -1.7404900e-07
   2.4300230e+00  -8.8228900e+01  -1.7404900e-07
   2.4800230e+00  -8.8228900e+01  -1.7404900e-07
   2.5300230e+00  -8.8228900e+01  -1.7404900e-07
   2.5800230e+00  -8.8228900e+01  -1.7404900e-07
   2.6300230e+00  -8.8228900e+01  -1.7404900e-07
   2.6800230e+00  -8.8228900e+01  -1.7404900e-07
   2.7300230e+00  -8.8228900e+01  -1.7404900e-07
   2.7800230e+00  -8.8228900e+01  -1.7404900e-07
   2.8300230e+00  -8.8228900e+01  -1.7404900e-07
   2.8800230e+00  -8.8228900e+01  -1.7404900e-07
   2.9300230e+00  -8.8228900e+01  -1.7404900e-07
   2.9800230e+00  -8.8228900e+01  -1.7404900e-07
   3.0300230e+00  -8.8228900e+01  -1.7404900e-07
   3.0800230e+00  -8.8228900e+01  -1.7404900e-07
   3.1300230e+00  -8.8228900e+01  -1.7404900e-07
   3.1800230e+00  -8.8228900e+01  -1.7404900e-07
   3.2300230e+00  -8.8228900e+01  -1.7404900e-07
   3.2800230e+00  -8.8228900e+01  -1.7404900e-07
   3.3300230e+00  -8.8228900e+01  -1.7404900e-07
   3.3800230e+00  -8.8228900e+01  -1.7404900e-07
   3.4300230e+00  -8.8228900e+01  -1.7404900e-07
   3.4800230e+00  -8.8228900e+01  -1.7404900e-07
   3.5300230e+00  -8.8228900e+01  -1.7404900e-07
   3.5800230e+00  -8.8228900e+01  -1.7404900e-07
   3.6300230e+00  -8.8228900e+01  -1.7404900e-07
   3.6800230e+00  -8.8228900e+01  -1.7404900e-07
   3.7300230e+00  -8.8228900e+01  -1.7404900e-07
   3.7800230e+00  -8.8228900e+01  -1.7404900e-07
   3.8300230e+00  -8.8228900e+01  -1.7404900e-07
   3.8800230e+00  -8.8228900e+01  -1.7404900e-07
   3.9300230e+00  -8.8228900e+01  -1.7404900e-07
   3.9800230e+00  -8.8228900e+01  -1.7404900e-07
   4.0300230e+00  -8.8228900e+01  -1.7404900e-07
   4.0800230e+00  -8.8228900e+01  -1.7404900e-07
   4.1300230e+00  -8.8228900e+01  -1.7404900e-07
   4.1800230e+00  -8.8228900e+01  -1.7404900e-07
   4.2300230e+00  -8.8228900e+01  -1.7404900e-07
   4.2800230e+00  -8.8228900e+01  -1.7404900e-07
   4.3300230e+00  -8.8228900e+01  -1.7404900e-07
   4.3800230e+00  -8.8228900e+01  -1.7404900e-07
   4.4300230e+00  -8.8228900e+01  -1.7404900e-07
   4.4800230e+00  -8.8228900e+01  -1.7404900e-07
   4.5300230e+00  -8.8228900e+01  -1.7404900e-07
   4.5800230e+00  -8.8228900e+01  -1.7404900e-07
   4.6300230e+00  -8.8228900e+01  -1.7404900e-07
   4.6800230e+00  -8.8228900e+01  -1.7404900e-07
   4.7300230e+00  -8.8228900e+01  -1.7404900e-07
   4.7800230e+00  -8.8228900e+01  -1.7404900e-07
   4.8300230e+00  -8.8228900e+01  -1.7404900e-07
   4.8800230e+00  -8.8228900e+01  -1.7404900e-07
   4.9300230e+00  -8.8228900e+01  -1.7404900e-07
   4.9800230e+00  -8.8228900e+01  -1.7404900e-07
   5.0300230e+00  -8.8228900e+01  -1.7404900e-07
   5.0800230e+00  -8.8228900e+01  -1.7404900e-07
   5.1300230e+00  -8.8228900e+01  -1.7404900e-07
   5.1800230e+00  -8.8228900e+01  -1.7404900e-07
   5.2300230e+00  -8.8228900e+01  -1.7404900e-07
   5.2800230e+00  -8.8228900e+01  -1.7404900e-07
   5.3300230e+00  -8.8228900e+01  -1.7404900e-07
   5.3800230e+00  -8.8228900e+01  -1.7404900e-07
   5.4300230e+00  -8.8228900e+01  -1.7404900e-07
   5.4800230e+00  -8.8228900e+01  -1.7404900e-07
   5.5300230e+00  -8.8228900e+01  -1.7404900e-07
   5.5800230e+00  -8.8228900e+01  -1.7404900e-07
   5.6300230e+00  -8.8228900e+01  -1.7404900e-07
   5.6800230e+00  -8.8228900e+01  -1.7404900e-07
   5.7300230e+00  -8.8228900e+01  -1.7404900e-07
   5.7800230e+00  -8.8228900e+01  -1.7404900e-07
   5.8300230e+00  -8.8228900e+01  -1.7404900e-07
   5.8800230e+00  -8.8228900e+01  -1.7404900e-07
   5.9300230e+00  -8.8228900e+01  -1.7404900e-07
   5.9800230e+00  -8.8228900e+01  -1.7404900e-07
   6.0300230e+00  -8.8228900e+01  -1.7404900e-07
   6.0800230e+00  -8.8228900e+01  -1.7404900e-07
   6.1300230e+00  -8.8228900e+01  -1.7404900e-07
   6.1800230e+00  -8.8228900e+01  -1.7404900e-07
   6.2300230e+00  -8.8228900e+01  -1.7404900e-07
   6.2800230e+00  -8.8228900e+01  -1.7404900e-07
   6.3300230e+00  -8.8228900e+01  -1.7404900e-07
   6.3800230e+00  -8.8228900e+01  -1.7404900e-07
   6.4300230e+00  -8.8228900e+01  -1.7404900e-07
   6.4800230e+00  -8.8228900e+01  -1.7404900e-07
   6.5300230e+00  -8.8228900e+01  -1.7404900e-07
   6.5800230e+00  -8.8228900e+01  -1.7404900e-07
   6.6300230e+00  -8.8228900e+01  -1.7404900e-07
   6.6800230e+00  -8.8228900e+01  -1.7404900e-07
   6.7300230e+00  -8.8228900e+01  -1.7404900e-07
   6.7800230e+00  -8.8228900e+01  -1.7404900e-07
   6.8300230e+00  -8.8228900e+01  -1.7404900e-07
   6.8800230e+00  -8.8228900e+01  -1.7404900e-07
   6.9300230e+00  -8.8228900e+01  -1.7404900e-07
   6.9800230e+00  -8.8228900e+01  -1.7404900e-07
   7.0300230e+00  -8.8228900e+01  -1.7404900e-07
   7.0800230e+00  -8.8228900e+01  -1.7404900e-07
   7.1300230e+00  -8.8228900e+01  -1.7404900e-07
   7.1800230e+00  -8.8228900e+01  -1.7404900e-07
   7.2300230e+00  -8.8228900e+01  -1.7404900e-07
   7.2800230e+00  -8.8228900e+01  -1.7404900e-07
   7.3300230e+00  -8.8228900e+01  -1.7404900e-07
   7.3800230e+00  -8.8228900e+01  -1.7404900e-07
   7.4300230e+00  -8.8228900e+01  -1.7404900e-07
   7.4800230e+00  -8.8228900e+01  -1.7404900e-07
   7.5300230e+00  -8.8228900e+01  -1.7404900e-07
   7.5800230e+00  -8.8228900e+01  -1.7404900e-07
   7.6300230e+00  -8.8228900e+01  -1.7404900e-07
   7.6800230e+00  -8.8228900e+01  -1.7404900e-07
   7.7300230e+00  -8.8228900e+01  -1.7404900e-07
   7.7800230e+00  -8.8228900e+01  -1.7404900e-07
   7.8300230e+00  -8.8228900e+01  -1.7404900e-07
   7.8800230e+00  -8.8228900e+01  -1.7404900e-07
   7.9300230e+00  -8.8228900e+01  -1.7404900e-07
   7.9800230e+00  -8.8228900e+01  -1.7404900e-07
   8.0300230e+00  -8.8228900e+01  -1.7404900e-07
   8.0800230e+00  -8.8228900e+01  -1.7404900e-07
   8.1300230e+00  -8.8228900e+01  -1.7404900e-07
   8.1800230e+00  -8.8228900e+01  -1.7404900e-07
   8.2300230e+00  -8.8228900e+01  -1.7404900e-07
   8.2800230e+00  -8.8228900e+01  -1.7404900e-07
   8.3300230e+00  -8.8228900e+01  -1.7404900e-07
   8.3800230e+00  -8.8228900e+01  -1.7404900e-07
   8.4300230e+00  -8.8228900e+01  -1.7404900e-07
   8.4800230e+00  -8.8228900e+01  -1.7404900e-07
   8.5300230e+00  -8.8228900e+01  -1.7404900e-07
   8.5800230e+00  -8.8228900e+01  -1.7404900e-07
   8.6300230e+00  -8.8228900e+01  -1.7404900e-07
   8.6800230e+00  -8.8228900e+01  -1.7404900e-07
   8.7300230e+00  -8.8228900e+01  -1.7404900e-07
   8.7800230e+00  -8.8228900e+01  -1.7404900e-07
   8.8300230e+00  -8.8228900e+01  -1.7404900e-07
   8.8800230e+00  -8.8228900e+01  -1.7404900e-07
   8.9300230e+00  -8.8228900e+01  -1.7404900e-07
   8.9800230e+00  -8.8228900e+01  -1.7404900e-07
   9.0300230e+00  -8.8228900e+01  -1.7404900e-07
   9.0800230e+00  -8.8228900e+01  -1.7404900e-07
   9.1300230e+00  -8.8228900e+01  -1.7404900e-07
   9.1800230e+00  -8.8228900e+01  -1.7404900e-07
   9.2300230e+00  -8.8228900e+01  -1.7404900e-07
   9.2800230e+00  -8.8228900e+01  -1.7404900e-07
   9.3300230e+00  -8.8228900e+01  -1.7404900e-07
   9.3800230e+00  -8.8228900e+01  -1.7404900e-07
   9.4300230e+00  -8.8228900e+01  -1.7404900e-07
   9.4800230e+00  -8.8228900e+01  -1.7404900e-07
   9.5300230e+00  -8.8228900e+01  -1.7404900e-07
   9.5800230e+00  -8.8228900e+01  -1.7404900e-07
   9.6300230e+00  -8.8228900e+01  -1.7404900e-07
   9.6800230e+00  -8.8228900e+01  -1.7404900e-07
   9.7300230e+00  -8.8228900e+01  -1.7404900e-07
   9.7800230e+00  -8.8228900e+01  -1.7404900e-07
   9.8300230e+00  -8.8228900e+01  -1.7404900e-07
   9.8800230e+00  -8.8228900e+01  -1.7404900e-07
   9.9300230e+00  -8.8228900e+01  -1.7404900e-07
   9.9800230e+00  -8.8228900e+01  -1.7404900e-07
   1.0030020e+01  -8.8228900e+01  -1.7404900e-07
   1.0080020e+01  -8.8228900e+01  -1.7404900e-07
   1.0130020e+01  -8.8228900e+01  -1.7404900e-07
   1.0180020e+01  -8.8228900e+01  -1.7404900e-07
   1.0230020e+01  -8.8228900e+01  -1.7404900e-07
   1.0280020e+01  -8.8228900e+01  -1.7404900e-07
   1.0330020e+01  -8.8228900e+01  -1.7404900e-07
   1.0380020e+01  -8.8228900e+01  -1.7404900e-07
   1.0430020e+01  -8.8228900e+01  -1.7404900e-07
   1.0480020e+01  -8.8228900e+01  -1.7404900e-07
   1.0530020e+01  -8.8228900e+01  -1.7404900e-07
   1.0580020e+01  -8.8228900e+01  -1.7404900e-07
   1.0630020e+01  -8.8228900e+01  -1.7404900e-07
   1.0680020e+01  -8.8228900e+01  -1.7404900e-07
   1.0730020e+01  -8.8228900e+01  -1.7404900e-07
   1.0780020e+01  -8.8228900e+01  -1.7404900e-07
   1.0830020e+01  -8.8228900e+01  -1.7404900e-07
   1.0880020e+01  -8.8228900e+01  -1.7404900e-07
   1.0930020e+01  -8.8228900e+01  -1.7404900e-07
   1.0980020e+01  -8.8228900e+01  -1.7404900e-07
   1.1030020e+01  -8.8228900e+01  -1.7404900e-07
   1.1080020e+01  -8.8228900e+01  -1.7404900e-07
   1.1130020e+01  -8.8228900e+01  -1.7404900e-07
   1.1180020e+01  -8.8228900e+01  -1.7404900e-07
   1.1230020e+01  -8.8228900e+01  -1.7404900e-07
   1.1280020e+01  -8.8228900e+01  -1.7404900e-07
   1.1330020e+01  -8.8228900e+01  -1.7404900e-07
   1.1380020e+01  -8.8228900e+01  -1.7404900e-07
   1.1430020e+01  -8.8228900e+01  -1.7404900e-07
   1.1480020e+01  -8.8228900e+01  -1.7404900e-07
   1.1530020e+01  -8.8228900e+01  -1.7404900e-07
   1.1580020e+01  -8.8228900e+01  -1.7404900e-07
   1.1630020e+01  -8.8228900e+01  -1.7404900e-07
   1.1680020e+01  -8.8228900e+01  -1.7404900e-07
   1.1730020e+01  -8.8228900e+01  -1.7404900e-07
   1.1780020e+01  -8.8228900e+01  -1.7404900e-07
   1.1830020e+01  -8.8228900e+01  -1.7404900e-07
   1.1880020e+01  -8.8228900e+01  -1.7404900e-07
   1.1930020e+01  -8.8228900e+01  -1.7404900e-07
   1.1980020e+01  -8.8228900e+01  -1.7404900e-07
   1.2030020e+01  -8.8228900e+01  -1.7404900e-07
   1.2080020e+01  -8.8228900e+01  -1.7404900e-07
   1.2130020e+01  -8.8228900e+01  -1.7404900e-07
   1.2180020e+01  -8.8228900e+01  -1.7404900e-07
   1.2230020e+01  -8.8228900e+01  -1.7404900e-07
   1.2280020e+01  -8.8228900e+01  -1.7404900e-07
   1.2330020e+01  -8.8228900e+01  -1.7404900e-07
   1.2380020e+01  -8.8228900e+01  -1.7404900e-07
   1.2430020e+01  -8.8228900e+01  -1.7404900e-07
   1.2480020e+01  -8.8228900e+01  -1.7404900e-07
   1.2530020e+01  -8.8228900e+01  -1.7404900e-07
   1.2580020e+01  -8.8228900e+01  -1.7404900e-07
   1.2630020e+01  -8.8228900e+01  -1.7404900e-07
   1.2680020e+01  -8.8228900e+01  -1.7404900e-07
   1.2730020e+01  -8.8228900e+01  -1.7404900e-07
   1.2780020e+01  -8.8228900e+01  -1.7404900e-07
   1.2830020e+01  -8.8228900e+01  -1.7404900e-07
   1.2880020e+01  -8.8228900e+01  -1.7404900e-07
   1.2930020e+01  -8.8228900e+01  -1.7404900e-07
   1.2980020e+01  -8.8228900e+01  -1.7404900e-07
   1.3030020e+01  -8.8228900e+01  -1.7404900e-07
   1.3080020e+01  -8.8228900e+01  -1.7404900e-07
   1.3130020e+01  -8.8228900e+01  -1.7404900e-07
   1.3180020e+01  -8.8228900e+01  -1.7404900e-07
   1.3230020e+01  -8.8228900e+01  -1.7404900e-07
   1.3280020e+01  -8.8228900e+01  -1.7404900e-07
   1.3330020e+01  -8.8228900e+01  -1.7404900e-07
   1.3380020e+01  -8.8228900e+01  -1.7404900e-07
   1.3430020e+01  -8.8228900e+01  -1.7404900e-07
   1.3480020e+01  -8.8228900e+01  -1.7404900e-07
   1.3530020e+01  -8.8228900e+01  -1.7404900e-07
   1.3580020e+01  -8.8228900e+01  -1.7404900e-07
   1.3630020e+01  -8.8228900e+01  -1.7404900e-07
   1.3680020e+01  -8.8228900e+01  -1.7404900e-07
   1.3730020e+01  -8.8228900e+01  -1.7404900e-07
   1.3780020e+01  -8.8228900e+01  -1.7404900e-07
   1.3830020e+01  -8.8228900e+01  -1.7404900e-07
   1.3880020e+01  -8.8228900e+01  -1.7404900e-07
   1.3930020e+01  -8.8228900e+01  -1.7404900e-07
   1.3980020e+01  -8.8228900e+01  -1.7404900e-07
   1.4030020e+01  -8.8228900e+01  -1.7404900e-07
   1.4080020e+01  -8.8228900e+01  -1.7404900e-07
   1.4130020e+01  -8.8228900e+01  -1.7404900e-07
   1.4180020e+01  -8.8228900e+01  -1.7404900e-07
   1.4230020e+01  -8.8228900e+01  -1.7404900e-07
   1.4280020e+01  -8.8228900e+01  -1.7404900e-07
   1.4330020e+01  -8.8228900e+01  -1.7404900e-07
   1.4380020e+01  -8.8228900e+01  -1.7404900e-07
   1.4430020e+01  -8.8228900e+01  -1.7404900e-07
   1.4480020e+01  -8.8228900e+01  -1.7404900e-07
   1.4530020e+01  -8.8228900e+01  -1.7404900e-07
   1.4580020e+01  -8.8228900e+01  -1.7404900e-07
   1.4630020e+01  -8.8228900e+01  -1.7404900e-07
   1.4680020e+01  -8.8228900e+01  -1.7404900e-07
   1.4730020e+01  -8.8228900e+01  -1.7404900e-07
   1.4780020e+01  -8.8228900e+01  -1.7404900e-07
   1.4830020e+01  -8.8228900e+01  -1.7404900e-07
   1.4880020e+01  -8.8228900e+01  -1.7404900e-07
   1.4930020e+01  -8.8228900e+01  -1.7404900e-07
   1.4980020e+01  -8.8228900e+01  -1.7404900e-07
   1.5030020e+01  -8.8228900e+01  -1.7404900e-07
   1.5080020e+01  -8.8228900e+01  -1.7404900e-07
   1.5130020e+01  -8.8228900e+01  -1.7404900e-07
   1.5180020e+01  -8.8228900e+01  -1.7404900e-07
   1.5230020e+01  -8.8228900e+01  -1.7404900e-07
   1.5280020e+01  -8.8228900e+01  -1.7404900e-07
   1.5330020e+01  -8.8228900e+01  -1.7404900e-07
   1.5380020e+01  -8.8228900e+01  -1.7404900e-07
   1.5430020e+01  -8.8228900e+01  -1.7404900e-07
   1.5480020e+01  -8.8228900e+01  -1.7404900e-07
   1.5530020e+01  -8.8228900e+01  -1.7404900e-07
   1.5580020e+01  -8.8228900e+01  -1.7404900e-07
   1.5630020e+01  -8.8228900e+01  -1.7404900e-07
   1.5680020e+01  -8.8228900e+01  -1.7404900e-07
   1.5730020e+01  -8.8228900e+01  -1.7404900e-07
   1.5780020e+01  -8.8228900e+01  -1.7404900e-07
   1.5830020e+01  -8.8228900e+01  -1.7404900e-07
   1.5880020e+01  -8.8228900e+01  -1.7404900e-07
   1.5930020e+01  -8.8228900e+01  -1.7404900e-07
   1.5980020e+01  -8.8228900e+01  -1.7404900e-07
   1.6030020e+01  -8.8228900e+01  -1.7404900e-07
   1.6080020e+01  -8.8228900e+01  -1.7404900e-07
   1.6130020e+01  -8.8228900e+01  -1.7404900e-07
   1.6180020e+01  -8.8228900e+01  -1.7404900e-07
   1.6230020e+01  -8.8228900e+01  -1.7404900e-07
   1.6280020e+01  -8.8228900e+01  -1.7404900e-07
   1.6330020e+01  -8.8228900e+01  -1.7404900e-07
   1.6380020e+01  -8.8228900e+01  -1.7404900e-07
   1.6430020e+01  -8.8228900e+01  -1.7404900e-07
   1.6480020e+01  -8.8228900e+01  -1.7404900e-07
   1.6530020e+01  -8.8228900e+01  -1.7404900e-07
   1.6580020e+01  -8.8228900e+01  -1.7404900e-07
   1.6630020e+01  -8.8228900e+01  -1.7404900e-07
   1.6680020e+01  -8.8228900e+01  -1.7404900e-07
   1.6730020e+01  -8.8228900e+01  -1.7404900e-07
   1.6780020e+01  -8.8228900e+01  -1.7404900e-07
   1.6830020e+01  -8.8228900e+01  -1.7404900e-07
   1.6880020e+01  -8.8228900e+01  -1.7404900e-07
   1.6930020e+01  -8.8228900e+01  -1.7404900e-07
   1.6980020e+01  -8.8228900e+01  -1.7404900e-07
   1.7030020e+01  -8.8228900e+01  -1.7404900e-07
   1.7080020e+01  -8.8228900e+01  -1.7404900e-07
   1.7130020e+01  -8.8228900e+01  -1.7404900e-07
   1.7180020e+01  -8.8228900e+01  -1.7404900e-07
   1.7230020e+01  -8.8228900e+01  -1.7404900e-07
   1.7280020e+01  -8.8228900e+01  -1.7404900e-07
   1.7330020e+01  -8.8228900e+01  -1.7404900e-07
   1.7380020e+01  -8.8228900e+01  -1.7404900e-07
   1.7430020e+01  -8.8228900e+01  -1.7404900e-07
   1.7480020e+01  -8.8228900e+01  -1.7404900e-07
   1.7530020e+01  -8.8228900e+01  -1.7404900e-07
   1.7580020e+01  -8.8228900e+01  -1.7404900e-07
   1.7630020e+01  -8.8228900e+01  -1.7404900e-07
   1.7680020e+01  -8.8228900e+01  -1.7404900e-07
   1.7730020e+01  -8.8228900e+01  -1.7404900e-07
   1.7780020e+01  -8.8228900e+01  -1.7404900e-07
   1.7830020e+01  -8.8228900e+01  -1.7404900e-07
   1.7880020e+01  -8.8228900e+01  -1.7404900e-07
   1.7930020e+01  -8.8228900e+01  -1.7404900e-07
   1.7980020e+01  -8.8228900e+01  -1.7404900e-07
   1.8030020e+01  -8.8228900e+01  -1.7404900e-07
   1.8080020e+01  -8.8228900e+01  -1.7404900e-07
   1.8130020e+01  -8.8228900e+01  -1.7404900e-07
   1.8180020e+01  -8.8228900e+01  -1.7404900e-07
   1.8230020e+01  -8.8228900e+01  -1.7404900e-07
   1.8280020e+01  -8.8228900e+01  -1.7404900e-07
   1.8330020e+01  -8.8228900e+01  -1.7404900e-07
   1.8380020e+01  -8.8228900e+01  -1.7404900e-07
   1.8430020e+01  -8.8228900e+01  -1.7404900e-07
   1.8480020e+01  -8.8228900e+01  -1.7404900e-07
   1.8530020e+01  -8.8228900e+01  -1.7404900e-07
   1.8580020e+01  -8.8228900e+01  -1.7404900e-07
   1.8630020e+01  -8.8228900e+01  -1.7404900e-07
   1.8680020e+01  -8.8228900e+01  -1.7404900e-07
   1.8730020e+01  -8.8228900e+01  -1.7404900e-07
   1.8780020e+01  -8.8228900e+01  -1.7404900e-07
   1.8830020e+01  -8.8228900e+01  -1.7404900e-07
   1.8880020e+01  -8.8228900e+01  -1.7404900e-07
   1.8930020e+01  -8.8228900e+01  -1.7404900e-07
   1.8980020e+01  -8.8228900e+01  -1.7404900e-07
   1.9030020e+01  -8.8228900e+01  -1.7404900e-07
   1.9080020e+01  -8.8228900e+01  -1.7404900e-07
   1.9130020e+01  -8.8228900e+01  -1.7404900e-07
   1.9180020e+01  -8.8228900e+01  -1.7404900e-07
   1.9230020e+01  -8.8228900e+01  -1.7404900e-07
   1.9280020e+01  -8.8228900e+01  -1.7404900e-07
   1.9330020e+01  -8.8228900e+01  -1.7404900e-07
   1.9380020e+01  -8.8228900e+01  -1.7404900e-07
   1.9430020e+01  -8.8228900e+01  -1.7404900e-07
   1.9480020e+01  -8.8228900e+01  -1.7404900e-07
   1.9530020e+01  -8.8228900e+01  -1.7404900e-07
   1.9580020e+01  -8.8228900e+01  -1.7404900e-07
   1.9630020e+01  -8.8228900e+01  -1.7404900e-07
   1.9680020e+01  -8.8228900e+01  -1.7404900e-07
   1.9730020e+01  -8.8228900e+01  -1.7404900e-07
   1.9780020e+01  -8.8228900e+01  -1.7404900e-07
   1.9830020e+01  -8.8228900e+01  -1.7404900e-07
   1.9880020e+01  -8.8228900e+01  -1.7404900e-07
   1.9930020e+01  -8.8228900e+01  -1.7404900e-07
   1.9980020e+01  -8.8228900e+01  -1.7404900e-07
   2.0030020e+01  -8.8228900e+01  -1.7404900e-07
   2.0080020e+01  -8.8228900e+01  -1.7404900e-07
   2.0130020e+01  -8.8228900e+01  -1.7404900e-07
   2.0180020e+01  -8.8228900e+01  -1.7404900e-07
   2.0230020e+01  -8.8228900e+01  -1.7404900e-07
   2.0280020e+01  -8.8228900e+01  -1.7404900e-07
   2.0330020e+01  -8.8228900e+01  -1.7404900e-07
   2.0380020e+01  -8.8228900e+01  -1.7404900e-07
   2.0430020e+01  -8.8228900e+01  -1.7404900e-07
   2.0480020e+01  -8.8228900e+01  -1.7404900e-07
   2.0530020e+01  -8.8228900e+01  -1.7404900e-07
   2.0580020e+01  -8.8228900e+01  -1.7404900e-07
   2.0630020e+01  -8.8228900e+01  -1.7404900e-07
   2.0680020e+01  -8.8228900e+01  -1.7404900e-07
   2.0730020e+01  -8.8228900e+01  -1.7404900e-07
   2.0780020e+01  -8.8228900e+01  -1.7404900e-07
   2.0830020e+01  -8.8228900e+01  -1.7404900e-07
   2.0880020e+01  -8.8228900e+01  -1.7404900e-07
   2.0930020e+01  -8.8228900e+01  -1.7404900e-07
   2.0980020e+01  -8.8228900e+01  -1.7404900e-07
   2.1030020e+01  -8.8228900e+01  -1.7404900e-07
   2.1080020e+01  -8.8228900e+01  -1.7404900e-07
   2.1130020e+01  -8.8228900e+01  -1.7404900e-07
   2.1180020e+01  -8.8228900e+01  -1.7404900e-07
   2.1230020e+01  -8.8228900e+01  -1.7404900e-07
   2.1280020e+01  -8.8228900e+01  -1.7404900e-07
   2.1330020e+01  -8.8228900e+01  -1.7404900e-07
   2.1380020e+01  -8.8228900e+01  -1.7404900e-07
   2.1430020e+01  -8.8228900e+01  -1.7404900e-07
   2.1480020e+01  -8.8228900e+01  -1.7404900e-07
   2.1530020e+01  -8.8228900e+01  -1.7404900e-07
   2.1580020e+01  -8.8228900e+01  -1.7404900e-07
   2.1630020e+01  -8.8228900e+01  -1.7404900e-07
   2.1680020e+01  -8.8228900e+01  -1.7404900e-07
   2.1730020e+01  -8.8228900e+01  -1.7404900e-07
   2.1780020e+01  -8.8228900e+01  -1.7404900e-07
   2.1830020e+01  -8.8228900e+01  -1.7404900e-07
   2.1880020e+01  -8.8228900e+01  -1.7404900e-07
   2.1930020e+01  -8.8228900e+01  -1.7404900e-07
   2.1980020e+01  -8.8228900e+01  -1.7404900e-07
   2.2030020e+01  -8.8228900e+01  -1.7404900e-07
   2.2080020e+01  -8.8228900e+01  -1.7404900e-07
   2.2130020e+01  -8.8228900e+01  -1.7404900e-07
   2.2180020e+01  -8.8228900e+01  -1.7404900e-07
   2.2230020e+01  -8.8228900e+01  -1.7404900e-07
   2.2280020e+01  -8.8228900e+01  -1.7404900e-07
   2.2330020e+01  -8.8228900e+01  -1.7404900e-07
   2.2380020e+01  -8.8228900e+01  -1.7404900e-07
   2.2430020e+01  -8.8228900e+01  -1.7404900e-07
   2.2480020e+01  -8.8228900e+01  -1.7404900e-07
   2.2530020e+01  -8.8228900e+01  -1.7404900e-07
   2.2580020e+01  -8.8228900e+01  -1.7404900e-07
   2.2630020e+01  -8.8228900e+01  -1.7404900e-07
   2.2680020e+01  -8.8228900e+01  -1.7404900e-07
   2.2730020e+01  -8.8228900e+01  -1.7404900e-07
   2.2780020e+01  -8.8228900e+01  -1.7404900e-07
   2.2830020e+01  -8.8228900e+01  -1.7404900e-07
   2.2880020e+01  -8.8228900e+01  -1.7404900e-07
   2.2930020e+01  -8.8228900e+01  -1.7404900e-07
   2.2980020e+01  -8.8228900e+01  -1.7404900e-07
   2.3030020e+01  -8.8228900e+01  -1.7404900e-07
   2.3080020e+01  -8.8228900e+01  -1.7404900e-07
   2.3130020e+01  -8.8228900e+01  -1.7404900e-07
   2.3180020e+01  -8.8228900e+01  -1.7404900e-07
   2.3230020e+01  -8.8228900e+01  -1.7404900e-07
   2.3280020e+01  -8.8228900e+01  -1.7404900e-07
   2.3330020e+01  -8.8228900e+01  -1.7404900e-07
   2.3380020e+01  -8.8228900e+01  -1.7404900e-07
   2.3430020e+01  -8.8228900e+01  -1.7404900e-07
   2.3480020e+01  -8.8228900e+01  -1.7404900e-07
   2.3530020e+01  -8.8228900e+01  -1.7404900e-07
   2.3580020e+01  -8.8228900e+01  -1.7404900e-07
   2.3630020e+01  -8.8228900e+01  -1.7404900e-07
   2.3680020e+01  -8.8228900e+01  -1.7404900e-07
   2.3730020e+01  -8.8228900e+01  -1.7404900e-07
   2.3780020e+01  -8.8228900e+01  -1.7404900e-07
   2.3830020e+01  -8.8228900e+01  -1.7404900e-07
   2.3880020e+01  -8.8228900e+01  -1.7404900e-07
   2.3930020e+01  -8.8228900e+01  -1.7404900e-07
   2.3980020e+01  -8.8228900e+01  -1.7404900e-07
   2.4030020e+01  -8.8228900e+01  -1.7404900e-07
   2.4080020e+01  -8.8228900e+01  -1.7404900e-07
   2.4130020e+01  -8.8228900e+01  -1.7404900e-07
   2.4180020e+01  -8.8228900e+01  -1.7404900e-07
   2.4230020e+01  -8.8228900e+01  -1.7404900e-07
   2.4280020e+01  -8.8228900e+01  -1.7404900e-07
   2.4330020e+01  -8.8228900e+01  -1.7404900e-07
   2.4380020e+01  -8.8228900e+01  -1.7404900e-07
   2.4430020e+01  -8.8228900e+01  -1.7404900e-07
   2.4480020e+01  -8.8228900e+01  -1.7404900e-07
   2.4530020e+01  -8.8228900e+01  -1.7404900e-07
   2.4580020e+01  -8.8228900e+01  -1.7404900e-07
   2.4630020e+01  -8.8228900e+01  -1.7404900e-07
   2.4680020e+01  -8.8228900e+01  -1.7404900e-07
   2.4730020e+01  -8.8228900e+01  -1.7404900e-07
   2.4780020e+01  -8.8228900e+01  -1.7404900e-07
   2.4830020e+01  -8.8228900e+01  -1.7404900e-07
   2.4880020e+01  -8.8228900e+01  -1.7404900e-07
   2.4930020e+01  -8.8228900e+01  -1.7404900e-07
   2.4980020e+01  -8.8228900e+01  -1.7404900e-07
   2.5030020e+01  -8.8228900e+01  -1.7404900e-07
   2.5080020e+01  -8.8228900e+01  -1.7404900e-07
   2.5130020e+01  -8.8228900e+01  -1.7404900e-07
   2.5180020e+01  -8.8228900e+01  -1.7404900e-07
   2.5230020e+01  -8.8228900e+01  -1.7404900e-07
   2.5280020e+01  -8.8228900e+01  -1.7404900e-07
   2.5330020e+01  -8.8228900e+01  -1.7404900e-07
   2.5380020e+01  -8.8228900e+01  -1.7404900e-07
   2.5430020e+01  -8.8228900e+01  -1.7404900e-07
   2.5480020e+01  -8.8228900e+01  -1.7404900e-07
   3.1500020e+01  -8.8228900e+01  -1.7404900e-07
   4.1500020e+01  -8.8228900e+01  -1.7404900e-07
   5.1500020e+01  -8.8228900e+01  -1.7404900e-07
   6.1500020e+01  -8.8228900e+01  -1.7404900e-07
   7.1500020e+01  -8.8228900e+01  -1.7404900e-07
   8.1500020e+01  -8.8228900e+01  -1.7404900e-07
   9.1500020e+01  -8.8228900e+01  -1.7404900e-07
   1.0150000e+02  -8.8228900e+01  -1.7404900e-07
   1.1150000e+02  -8.8228900e+01  -1.7404900e-07
   1.2150000e+02  -8.8228900e+01  -1.7404900e-07
   1.3150000e+02  -8.8228900e+01  -1.7404900e-07
   1.4150000e+02  -8.8228900e+01  -1.7404900e-07
   1.5150000e+02  -8.8228900e+01  -1.7404900e-07
   1.6150000e+02  -8.8228900e+01  -1.7404900e-07
   1.7150000e+02  -8.8228900e+01  -1.7404900e-07
   1.8150000e+02  -8.8228900e+01  -1.7404800e-07
   1.9150000e+02  -8.8228900e+01  -1.7404800e-07
   2.0150000e+02  -8.8228900e+01  -1.7404800e-07
   2.1150000e+02  -8.8228900e+01  -1.7404800e-07
   2.2150000e+02  -8.8228900e+01  -1.7404800e-07
   2.3150000e+02  -8.8228900e+01  -1.7404800e-07
   2.4150000e+02  -8.8228900e+01  -1.7404800e-07
   2.5150000e+02  -8.8228900e+01  -1.7404800e-07
   2.6150000e+02  -8.8228900e+01  -1.7404800e-07
   2.7150000e+02  -8.8228900e+01  -1.7404800e-07
   2.8150000e+02  -8.8228900e+01  -1.7404800e-07
   2.9150000e+02  -8.8228900e+01  -1.7404800e-07
   3.0150000e+02  -8.8228900e+01  -1.7404800e-07
   3.1150000e+02  -8.8228900e+01  -1.7404800e-07
   3.2150000e+02  -8.8228900e+01  -1.7404800e-07
   3.3150000e+02  -8.8228900e+01  -1.7404800e-07
   3.4150000e+02  -8.8228900e+01  -1.7404800e-07
   3.5150000e+02  -8.8228900e+01  -1.7404800e-07
   3.6150000e+02  -8.8228900e+01  -1.7404800e-07
   3.7150000e+02  -8.8228900e+01  -1.7404800e-07
   3.8150000e+02  -8.8228900e+01  -1.7404800e-07
   3.9150000e+02  -8.8228900e+01  -1.7404800e-07
   4.0150000e+02  -8.8228900e+01  -1.7404800e-07
   4.1150000e+02  -8.8228900e+01  -1.7404800e-07
   4.2150000e+02  -8.8228900e+01  -1.7404800e-07
   4.3150000e+02  -8.8228900e+01  -1.7404800e-07
   4.4150000e+02  -8.8228900e+01  -1.7404800e-07
   4.5150000e+02  -8.8228900e+01  -1.7404800e-07
   4.6150000e+02  -8.8228900e+01  -1.7404800e-07
   4.7150000e+02  -8.8228900e+01  -1.7404800e-07
   4.8150000e+02  -8.8228900e+01  -1.7404800e-07
   4.9150000e+02  -8.8228900e+01  -1.7404800e-07
   5.0150000e+02  -8.8228900e+01  -1.7404800e-07
   5.1150000e+02  -8.8228900e+01  -1.7404800e-07
   5.2150000e+02  -8.8228900e+01  -1.7404800e-07
   5.3150000e+02  -8.8228900e+01  -1.7404800e-07
   5.4150000e+02  -8.8228900e+01  -1.7404800e-07
   5.5150000e+02  -8.8228900e+01  -1.7404800e-07
   5.6150000e+02  -8.8228900e+01  -1.7404800e-07
   5.7150000e+02  -8.8228900e+01  -1.7404800e-07
   5.8150000e+02  -8.8228900e+01  -1.7404800e-07
   5.9150000e+02  -8.8228900e+01  -1.7404800e-07
   6.0150000e+02  -8.8228900e+01  -1.7404800e-07
   6.1150000e+02  -8.8228900e+01  -1.7404800e-07
   6.2150000e+02  -8.8228900e+01  -1.7404800e-07
   6.3150000e+02  -8.8228900e+01  -1.7404800e-07
   6.4150000e+02  -8.8228900e+01  -1.7404800e-07
   6.5150000e+02  -8.8228900e+01  -1.7404800e-07
   6.6150000e+02  -8.8228900e+01  -1.7404800e-07
   6.7150000e+02  -8.8228900e+01  -1.7404800e-07
   6.8150000e+02  -8.8228900e+01  -1.7404800e-07
   6.9150000e+02  -8.8228900e+01  -1.7404800e-07
   7.0150000e+02  -8.8228900e+01  -1.7404800e-07
   7.1150000e+02  -8.8228900e+01  -1.7404700e-07
   7.2150000e+02  -8.8228900e+01  -1.7404700e-07
   7.3150000e+02  -8.8228900e+01  -1.7404700e-07
   7.4150000e+02  -8.8228900e+01  -1.7404700e-07
   7.5150000e+02  -8.8228900e+01  -1.7404700e-07
   7.6150000e+02  -8.8228900e+01  -1.7404700e-07
   7.7150000e+02  -8.8228900e+01  -1.7404700e-07
   7.8150000e+02  -8.8228900e+01  -1.7404700e-07
   7.9150000e+02  -8.8228900e+01  -1.7404700e-07
   8.0150000e+02  -8.8228900e+01  -1.7404700e-07
   8.1150000e+02  -8.8228900e+01  -1.7404700e-07
   8.2150000e+02  -8.8228900e+01  -1.7404700e-07
   8.3150000e+02  -8.8228900e+01  -1.7404700e-07
   8.4150000e+02  -8.8228900e+01  -1.7404700e-07
   8.5150000e+02  -8.8228900e+01  -1.7404700e-07
   8.6150000e+02  -8.8228900e+01  -1.7404700e-07
   8.7150000e+02  -8.8228900e+01  -1.7404700e-07
   8.8150000e+02  -8.8228900e+01  -1.7404700e-07
   8.9150000e+02  -8.8228900e+01  -1.7404700e-07
   9.0150000e+02  -8.8228900e+01  -1.7404700e-07
   9.1150000e+02  -8.8228900e+01  -1.7404700e-07
   9.2150000e+02  -8.8228900e+01  -1.7404700e-07
   9.3150000e+02  -8.8228900e+01  -1.7404700e-07
   9.4150000e+02  -8.8228900e+01  -1.7404700e-07
   9.5150000e+02  -8.8228900e+01  -1.7404700e-07
   9.6150000e+02  -8.8228900e+01  -1.7404700e-07
   9.7150000e+02  -8.8228900e+01  -1.7404700e-07
   9.8150000e+02  -8.8228900e+01  -1.7404700e-07
   9.9150000e+02  -8.8228900e+01  -1.7404700e-07
   9.9851500e+02  -8.8228900e+01  -1.7404700e-07
   9.9856500e+02  -8.8228900e+01  -1.7404700e-07
   9.9861500e+02  -8.8228900e+01  -1.7404700e-07
   9.9866500e+02  -8.8228900e+01  -1.7404700e-07
   9.9871500e+02  -8.8228900e+01  -1.7404700e-07
   9.9876500e+02  -8.8228900e+01  -1.7404700e-07
   9.9881500e+02  -8.8228900e+01  -1.7404700e-07
   9.9886500e+02  -8.8228900e+01  -1.7404700e-07
   9.9891500e+02  -8.8228900e+01  -1.7404700e-07
   9.9896500e+02  -8.8228900e+01  -1.7404700e-07
   9.9901500e+02  -8.8228900e+01  -1.7404700e-07
   9.9906500e+02  -8.8228900e+01  -1.7404700e-07
   9.9911500e+02  -8.8228900e+01  -1.7404700e-07
   9.9916500e+02  -8.8228900e+01  -1.7404700e-07
   9.9921500e+02  -8.8228900e+01  -1.7404700e-07
   9.9926500e+02  -8.8228900e+01  -1.7404700e-07
   9.9931500e+02  -8.8228900e+01  -1.7404700e-07
   9.9936500e+02  -8.8228900e+01  -1.7404700e-07
   9.9941500e+02  -8.8228900e+01  -1.7404700e-07
   9.9946500e+02  -8.8228900e+01  -1.7404700e-07
   9.9951500e+02  -8.8228900e+01  -1.7404700e-07
   9.9956500e+02  -8.8228900e+01  -1.7404700e-07
   9.9961500e+02  -8.8228900e+01  -1.7404700e-07
   9.9966500e+02  -8.8228900e+01  -1.7404700e-07
   9.9971500e+02  -8.8228900e+01  -1.7404700e-07
   9.9976500e+02  -8.8228900e+01  -1.7404700e-07
   9.9981500e+02  -8.8228900e+01  -1.7404700e-07
   9.9986500e+02  -8.8228900e+01  -1.7404700e-07
   9.9991500e+02  -8.8228900e+01  -1.7404700e-07
   9.9996500e+02  -8.8228900e+01  -1.7404700e-07
   1.0000150e+03  -8.8228900e+01  -1.7404700e-07
   1.0000650e+03  -8.8228900e+01  -1.7404700e-07
   1.0001150e+03  -8.8228900e+01  -1.7404700e-07
   1.0001650e+03  -8.8228900e+01  -1.7404700e-07
   1.0002150e+03  -8.8228900e+01  -1.7404700e-07
   1.0002650e+03  -8.8228900e+01  -1.7404700e-07
   1.0003150e+03  -8.8228900e+01  -1.7404700e-07
   1.0003650e+03  -8.8228900e+01  -1.7404700e-07
   1.0004150e+03  -8.8228900e+01  -1.7404700e-07
   1.0004650e+03  -8.8228900e+01  -1.7404700e-07
   1.0005150e+03  -8.8228900e+01  -1.7404700e-07
   1.0005650e+03  -8.8228900e+01  -1.7404700e-07
   1.0006150e+03  -8.8228900e+01  -1.7404700e-07
   1.0006650e+03  -8.8228900e+01  -1.7404700e-07
   1.0007150e+03  -8.8228900e+01  -1.7404700e-07
   1.0007650e+03  -8.8228900e+01  -1.7404700e-07
   1.0008150e+03  -8.8228900e+01  -1.7404700e-07
   1.0008650e+03  -8.8228900e+01  -1.7404700e-07
   1.0009150e+03  -8.8228900e+01  -1.7404700e-07
   1.0009650e+03  -8.8228900e+01  -1.7404700e-07
   1.0010150e+03  -8.8228900e+01  -1.7404700e-07
   1.0010650e+03  -8.8228900e+01  -1.7404700e-07
   1.0011150e+03  -8.8228900e+01  -1.7404700e-07
   1.0011650e+03  -8.8228900e+01  -1.7404700e-07
   1.0012150e+03  -8.8228900e+01  -1.7404700e-07
   1.0012650e+03  -8.8228900e+01  -1.7404700e-07
   1.0013150e+03  -8.8228900e+01  -1.7404700e-07
   1.0013650e+03  -8.8228900e+01  -1.7404700e-07
   1.0014150e+03  -8.8228900e+01  -1.7404700e-07
   1.0014650e+03  -8.8228900e+01  -1.7404700e-07
   1.0015150e+03  -8.8228900e+01  -1.7404700e-07
   1.0015650e+03  -8.8228900e+01  -1.7404700e-07
   1.0016150e+03  -8.8228900e+01  -1.7404700e-07
   1.0016650e+03  -8.8228900e+01  -1.7404700e-07
   1.0017150e+03  -8.8228900e+01  -1.7404700e-07
   1.0017650e+03  -8.8228900e+01  -1.7404700e-07
   1.0018150e+03  -8.8228900e+01  -1.7404700e-07
   1.0018650e+03  -8.8228900e+01  -1.7404700e-07
   1.0019150e+03  -8.8228900e+01  -1.7404700e-07
   1.0019650e+03  -8.8228900e+01  -1.7404700e-07
   1.0020150e+03  -8.8228900e+01  -1.7404700e-07
   1.0020650e+03  -8.8228900e+01  -1.7404700e-07
   1.0021150e+03  -8.8228900e+01  -1.7404700e-07
   1.0021650e+03  -8.8228900e+01  -1.7404700e-07
   1.0022150e+03  -8.8228900e+01  -1.7404700e-07
   1.0022650e+03  -8.8228900e+01  -1.7404700e-07
   1.0023150e+03  -8.8228900e+01  -1.7404700e-07
   1.0023650e+03  -8.8228900e+01  -1.7404700e-07
   1.0024150e+03  -8.8228900e+01  -1.7404700e-07
   1.0024650e+03  -8.8228900e+01  -1.7404700e-07
   1.0025150e+03  -8.8228900e+01  -1.7404700e-07
   1.0025650e+03  -8.8228900e+01  -1.7404700e-07
   1.0026150e+03  -8.8228900e+01  -1.7404700e-07
   1.0026650e+03  -8.8228900e+01  -1.7404700e-07
   1.0027150e+03  -8.8228900e+01  -1.7404700e-07
   1.0027650e+03  -8.8228900e+01  -1.7404700e-07
   1.0028150e+03  -8.8228900e+01  -1.7404700e-07
   1.0028650e+03  -8.8228900e+01  -1.7404700e-07
   1.0029150e+03  -8.8228900e+01  -1.7404700e-07
   1.0029650e+03  -8.8228900e+01  -1.7404700e-07
   1.0030150e+03  -8.8228900e+01  -1.7404700e-07
   1.0030650e+03  -8.8228900e+01  -1.7404700e-07
   1.0031150e+03  -8.8228900e+01  -1.7404700e-07
   1.0031650e+03  -8.8228900e+01  -1.7404700e-07
   1.0032150e+03  -8.8228900e+01  -1.7404700e-07
   1.0032650e+03  -8.8228900e+01  -1.7404700e-07
   1.0033150e+03  -8.8228900e+01  -1.7404700e-07
   1.0033650e+03  -8.8228900e+01  -1.7404700e-07
   1.0034150e+03  -8.8228900e+01  -1.7404700e-07
   1.0034650e+03  -8.8228900e+01  -1.7404700e-07
   1.0035150e+03  -8.8228900e+01  -1.7404700e-07
   1.0035650e+03  -8.8228900e+01  -1.7404700e-07
   1.0036150e+03  -8.8228900e+01  -1.7404700e-07
   1.0036650e+03  -8.8228900e+01  -1.7404700e-07
   1.0037150e+03  -8.8228900e+01  -1.7404700e-07
   1.0037650e+03  -8.8228900e+01  -1.7404700e-07
   1.0038150e+03  -8.8228900e+01  -1.7404700e-07
   1.0038650e+03  -8.8228900e+01  -1.7404700e-07
   1.0039150e+03  -8.8228900e+01  -1.7404700e-07
   1.0039650e+03  -8.8228900e+01  -1.7404700e-07
   1.0040150e+03  -8.8228900e+01  -1.7404700e-07
   1.0040650e+03  -8.8228900e+01  -1.7404700e-07
   1.0041150e+03  -8.8228900e+01  -1.7404700e-07
   1.0041650e+03  -8.8228900e+01  -1.7404700e-07
   1.0042150e+03  -8.8228900e+01  -1.7404700e-07
   1.0042650e+03  -8.8228900e+01  -1.7404700e-07
   1.0043150e+03  -8.8228900e+01  -1.7404700e-07
   1.0043650e+03  -8.8228900e+01  -1.7404700e-07
   1.0044150e+03  -8.8228900e+01  -1.7404700e-07
   1.0044650e+03  -8.8228900e+01  -1.7404700e-07
   1.0045150e+03  -8.8228900e+01  -1.7404700e-07
   1.0045650e+03  -8.8228900e+01  -1.7404700e-07
   1.0046150e+03  -8.8228900e+01  -1.7404700e-07
   1.0046650e+03  -8.8228900e+01  -1.7404700e-07
   1.0047150e+03  -8.8228900e+01  -1.7404700e-07
   1.0047650e+03  -8.8228900e+01  -1.7404700e-07
   1.0048150e+03  -8.8228900e+01  -1.7404700e-07
   1.0048650e+03  -8.8228900e+01  -1.7404700e-07
   1.0049150e+03  -8.8228900e+01  -1.7404700e-07
   1.0049650e+03  -8.8228900e+01  -1.7404700e-07
   1.0050150e+03  -8.8228900e+01  -1.7404700e-07
   1.0050650e+03  -8.8228900e+01  -1.7404700e-07
   1.0051150e+03  -8.8228900e+01  -1.7404700e-07
   1.0051650e+03  -8.8228900e+01  -1.7404700e-07
   1.0052150e+03  -8.8228900e+01  -1.7404700e-07
   1.0052650e+03  -8.8228900e+01  -1.7404700e-07
   1.0053150e+03  -8.8228900e+01  -1.7404700e-07
   1.0053650e+03  -8.8228900e+01  -1.7404700e-07
   1.0054150e+03  -8.8228900e+01  -1.7404700e-07
   1.0054650e+03  -8.8228900e+01  -1.7404700e-07
   1.0055150e+03  -8.8228900e+01  -1.7404700e-07
   1.0055650e+03  -8.8228900e+01  -1.7404700e-07
   1.0056150e+03  -8.8228900e+01  -1.7404700e-07
   1.0056650e+03  -8.8228900e+01  -1.7404700e-07
   1.0057150e+03  -8.8228900e+01  -1.7404700e-07
   1.0057650e+03  -8.8228900e+01  -1.7404700e-07
   1.0058150e+03  -8.8228900e+01  -1.7404700e-07
   1.0058650e+03  -8.8228900e+01  -1.7404700e-07
   1.0059150e+03  -8.8228900e+01  -1.7404700e-07
   1.0059650e+03  -8.8228900e+01  -1.7404700e-07
   1.0060150e+03  -8.8228900e+01  -1.7404700e-07
   1.0060650e+03  -8.8228900e+01  -1.7404700e-07
   1.0061150e+03  -8.8228900e+01  -1.7404700e-07
   1.0061650e+03  -8.8228900e+01  -1.7404700e-07
   1.0062150e+03  -8.8228900e+01  -1.7404700e-07
   1.0062650e+03  -8.8228900e+01  -1.7404700e-07
   1.0063150e+03  -8.8228900e+01  -1.7404700e-07
   1.0063650e+03  -8.8228900e+01  -1.7404700e-07
   1.0064150e+03  -8.8228900e+01  -1.7404700e-07
   1.0064650e+03  -8.8228900e+01  -1.7404700e-07
   1.0065150e+03  -8.8228900e+01  -1.7404700e-07
   1.0065650e+03  -8.8228900e+01  -1.7404700e-07
   1.0066150e+03  -8.8228900e+01  -1.7404700e-07
   1.0066650e+03  -8.8228900e+01  -1.7404700e-07
   1.0067150e+03  -8.8228900e+01  -1.7404700e-07
   1.0067650e+03  -8.8228900e+01  -1.7404700e-07
   1.0068150e+03  -8.8228900e+01  -1.7404700e-07
   1.0068650e+03  -8.8228900e+01  -1.7404700e-07
   1.0069150e+03  -8.8228900e+01  -1.7404700e-07
   1.0069650e+03  -8.8228900e+01  -1.7404700e-07
   1.0070150e+03  -8.8228900e+01  -1.7404700e-07
   1.0070650e+03  -8.8228900e+01  -1.7404700e-07
   1.0071150e+03  -8.8228900e+01  -1.7404700e-07
   1.0071650e+03  -8.8228900e+01  -1.7404700e-07
   1.0072150e+03  -8.8228900e+01  -1.7404700e-07
   1.0072650e+03  -8.8228900e+01  -1.7404700e-07
   1.0073150e+03  -8.8228900e+01  -1.7404700e-07
   1.0073650e+03  -8.8228900e+01  -1.7404700e-07
   1.0074150e+03  -8.8228900e+01  -1.7404700e-07
   1.0074650e+03  -8.8228900e+01  -1.7404700e-07
   1.0075150e+03  -8.8228900e+01  -1.7404700e-07
   1.0075650e+03  -8.8228900e+01  -1.7404700e-07
   1.0076150e+03  -8.8228900e+01  -1.7404700e-07
   1.0076650e+03  -8.8228900e+01  -1.7404700e-07
   1.0077150e+03  -8.8228900e+01  -1.7404700e-07
   1.0077650e+03  -8.8228900e+01  -1.7404700e-07
   1.0078150e+03  -8.8228900e+01  -1.7404700e-07
   1.0078650e+03  -8.8228900e+01  -1.7404700e-07
   1.0079150e+03  -8.8228900e+01  -1.7404700e-07
   1.0079650e+03  -8.8228900e+01  -1.7404700e-07
   1.0080150e+03  -8.8228900e+01  -1.7404700e-07
   1.0080650e+03  -8.8228900e+01  -1.7404700e-07
   1.0081150e+03  -8.8228900e+01  -1.7404700e-07
   1.0081650e+03  -8.8228900e+01  -1.7404700e-07
   1.0082150e+03  -8.8228900e+01  -1.7404700e-07
   1.0082650e+03  -8.8228900e+01  -1.7404700e-07
   1.0083150e+03  -8.8228900e+01  -1.7404700e-07
   1.0083650e+03  -8.8228900e+01  -1.7404700e-07
   1.0084150e+03  -8.8228900e+01  -1.7404700e-07
   1.0084650e+03  -8.8228900e+01  -1.7404700e-07
   1.0085150e+03  -8.8228900e+01  -1.7404700e-07
   1.0085650e+03  -8.8228900e+01  -1.7404700e-07
   1.0086150e+03  -8.8228900e+01  -1.7404700e-07
   1.0086650e+03  -8.8228900e+01  -1.7404700e-07
   1.0087150e+03  -8.8228900e+01  -1.7404700e-07
   1.0087650e+03  -8.8228900e+01  -1.7404700e-07
   1.0088150e+03  -8.8228900e+01  -1.7404700e-07
   1.0088650e+03  -8.8228900e+01  -1.7404700e-07
   1.0089150e+03  -8.8228900e+01  -1.7404700e-07
   1.0089650e+03  -8.8228900e+01  -1.7404700e-07
   1.0090150e+03  -8.8228900e+01  -1.7404700e-07
   1.0090650e+03  -8.8228900e+01  -1.7404700e-07
   1.0091150e+03  -8.8228900e+01  -1.7404700e-07
   1.0091650e+03  -8.8228900e+01  -1.7404700e-07
   1.0092150e+03  -8.8228900e+01  -1.7404700e-07
   1.0092650e+03  -8.8228900e+01  -1.7404700e-07
   1.0093150e+03  -8.8228900e+01  -1.7404700e-07
   1.0093650e+03  -8.8228900e+01  -1.7404700e-07
   1.0094150e+03  -8.8228900e+01  -1.7404700e-07
   1.0094650e+03  -8.8228900e+01  -1.7404700e-07
   1.0095150e+03  -8.8228900e+01  -1.7404700e-07
   1.0095650e+03  -8.8228900e+01  -1.7404700e-07
   1.0096150e+03  -8.8228900e+01  -1.7404700e-07
   1.0096650e+03  -8.8228900e+01  -1.7404700e-07
   1.0097150e+03  -8.8228900e+01  -1.7404700e-07
   1.0097650e+03  -8.8228900e+01  -1.7404700e-07
   1.0098150e+03  -8.8228900e+01  -1.7404700e-07
   1.0098650e+03  -8.8228900e+01  -1.7404700e-07
   1.0099150e+03  -8.8228900e+01  -1.7404700e-07
   1.0099650e+03  -8.8228900e+01  -1.7404700e-07
   1.0100150e+03  -8.8228900e+01  -1.7404700e-07
   1.0100650e+03  -8.8228900e+01  -1.7404700e-07
   1.0101150e+03  -8.8228900e+01  -1.7404700e-07
   1.0101650e+03  -8.8228900e+01  -1.7404700e-07
   1.0102150e+03  -8.8228900e+01  -1.7404700e-07
   1.0102650e+03  -8.8228900e+01  -1.7404700e-07
   1.0103150e+03  -8.8228900e+01  -1.7404700e-07
   1.0103650e+03  -8.8228900e+01  -1.7404700e-07
   1.0104150e+03  -8.8228900e+01  -1.7404700e-07
   1.0104650e+03  -8.8228900e+01  -1.7404700e-07
   1.0105150e+03  -8.8228900e+01  -1.7404700e-07
   1.0105650e+03  -8.8228900e+01  -1.7404700e-07
   1.0106150e+03  -8.8228900e+01  -1.7404700e-07
   1.0106650e+03  -8.8228900e+01  -1.7404700e-07
   1.0107150e+03  -8.8228900e+01  -1.7404700e-07
   1.0107650e+03  -8.8228900e+01  -1.7404700e-07
   1.0108150e+03  -8.8228900e+01  -1.7404700e-07
   1.0108650e+03  -8.8228900e+01  -1.7404700e-07
   1.0109150e+03  -8.8228900e+01  -1.7404700e-07
   1.0109650e+03  -8.8228900e+01  -1.7404700e-07
   1.0110150e+03  -8.8228900e+01  -1.7404700e-07
   1.0110650e+03  -8.8228900e+01  -1.7404700e-07
   1.0111150e+03  -8.8228900e+01  -1.7404700e-07
   1.0111650e+03  -8.8228900e+01  -1.7404700e-07
   1.0112150e+03  -8.8228900e+01  -1.7404700e-07
   1.0112650e+03  -8.8228900e+01  -1.7404700e-07
   1.0113150e+03  -8.8228900e+01  -1.7404700e-07
   1.0113650e+03  -8.8228900e+01  -1.7404700e-07
   1.0114150e+03  -8.8228900e+01  -1.7404700e-07
   1.0114650e+03  -8.8228900e+01  -1.7404700e-07
   1.0115150e+03  -8.8228900e+01  -1.7404700e-07
   1.0115650e+03  -8.8228900e+01  -1.7404700e-07
   1.0116150e+03  -8.8228900e+01  -1.7404700e-07
   1.0116650e+03  -8.8228900e+01  -1.7404700e-07
   1.0117150e+03  -8.8228900e+01  -1.7404700e-07
   1.0117650e+03  -8.8228900e+01  -1.7404700e-07
   1.0118150e+03  -8.8228900e+01  -1.7404700e-07
   1.0118650e+03  -8.8228900e+01  -1.7404700e-07
   1.0119150e+03  -8.8228900e+01  -1.7404700e-07
   1.0119650e+03  -8.8228900e+01  -1.7404700e-07
   1.0120150e+03  -8.8228900e+01  -1.7404700e-07
   1.0120650e+03  -8.8228900e+01  -1.7404700e-07
   1.0121150e+03  -8.8228900e+01  -1.7404700e-07
   1.0121650e+03  -8.8228900e+01  -1.7404700e-07
   1.0122150e+03  -8.8228900e+01  -1.7404700e-07
   1.0122650e+03  -8.8228900e+01  -1.7404700e-07
   1.0123150e+03  -8.8228900e+01  -1.7404700e-07
   1.0123650e+03  -8.8228900e+01  -1.7404700e-07
   1.0124150e+03  -8.8228900e+01  -1.7404700e-07
   1.0124650e+03  -8.8228900e+01  -1.7404700e-07
   1.0125150e+03  -8.8228900e+01  -1.7404700e-07
   1.0125650e+03  -8.8228900e+01  -1.7404700e-07
   1.0126150e+03  -8.8228900e+01  -1.7404700e-07
   1.0126650e+03  -8.8228900e+01  -1.7404700e-07
   1.0127150e+03  -8.8228900e+01  -1.7404700e-07
   1.0127650e+03  -8.8228900e+01  -1.7404700e-07
   1.0128150e+03  -8.8228900e+01  -1.7404700e-07
   1.0128650e+03  -8.8228900e+01  -1.7404700e-07
   1.0129150e+03  -8.8228900e+01  -1.7404700e-07
   1.0129650e+03  -8.8228900e+01  -1.7404700e-07
   1.0130150e+03  -8.8228900e+01  -1.7404700e-07
   1.0130650e+03  -8.8228900e+01  -1.7404700e-07
   1.0131150e+03  -8.8228900e+01  -1.7404700e-07
   1.0131650e+03  -8.8228900e+01  -1.7404700e-07
   1.0132150e+03  -8.8228900e+01  -1.7404700e-07
   1.0132650e+03  -8.8228900e+01  -1.7404700e-07
   1.0133150e+03  -8.8228900e+01  -1.7404700e-07
   1.0133650e+03  -8.8228900e+01  -1.7404700e-07
   1.0134150e+03  -8.8228900e+01  -1.7404700e-07
   1.0134650e+03  -8.8228900e+01  -1.7404700e-07
   1.0135150e+03  -8.8228900e+01  -1.7404700e-07
   1.0135650e+03  -8.8228900e+01  -1.7404700e-07
   1.0136150e+03  -8.8228900e+01  -1.7404700e-07
   1.0136650e+03  -8.8228900e+01  -1.7404700e-07
   1.0137150e+03  -8.8228900e+01  -1.7404700e-07
   1.0137650e+03  -8.8228900e+01  -1.7404700e-07
   1.0138150e+03  -8.8228900e+01  -1.7404700e-07
   1.0138650e+03  -8.8228900e+01  -1.7404700e-07
   1.0139150e+03  -8.8228900e+01  -1.7404700e-07
   1.0139650e+03  -8.8228900e+01  -1.7404700e-07
   1.0140150e+03  -8.8228900e+01  -1.7404700e-07
   1.0140650e+03  -8.8228900e+01  -1.7404700e-07
   1.0141150e+03  -8.8228900e+01  -1.7404700e-07
   1.0141650e+03  -8.8228900e+01  -1.7404700e-07
   1.0142150e+03  -8.8228900e+01  -1.7404700e-07
   1.0142650e+03  -8.8228900e+01  -1.7404700e-07
   1.0143150e+03  -8.8228900e+01  -1.7404700e-07
   1.0143650e+03  -8.8228900e+01  -1.7404700e-07
   1.0144150e+03  -8.8228900e+01  -1.7404700e-07
   1.0144650e+03  -8.8228900e+01  -1.7404700e-07
   1.0145150e+03  -8.8228900e+01  -1.7404700e-07
   1.0145650e+03  -8.8228900e+01  -1.7404700e-07
   1.0146150e+03  -8.8228900e+01  -1.7404700e-07
   1.0146650e+03  -8.8228900e+01  -1.7404700e-07
   1.0147150e+03  -8.8228900e+01  -1.7404700e-07
   1.0147650e+03  -8.8228900e+01  -1.7404700e-07
   1.0148150e+03  -8.8228900e+01  -1.7404700e-07
   1.0148650e+03  -8.8228900e+01  -1.7404700e-07
   1.0149150e+03  -8.8228900e+01  -1.7404700e-07
   1.0149650e+03  -8.8228900e+01  -1.7404700e-07
   1.0150150e+03  -8.8228900e+01  -1.7404700e-07
   1.0150650e+03  -8.8228900e+01  -1.7404700e-07
   1.0151150e+03  -8.8228900e+01  -1.7404700e-07
   1.0151650e+03  -8.8228900e+01  -1.7404700e-07
   1.0152150e+03  -8.8228900e+01  -1.7404700e-07
   1.0152650e+03  -8.8228900e+01  -1.7404700e-07
   1.0153150e+03  -8.8228900e+01  -1.7404700e-07
   1.0153650e+03  -8.8228900e+01  -1.7404700e-07
   1.0154150e+03  -8.8228900e+01  -1.7404700e-07
   1.0154650e+03  -8.8228900e+01  -1.7404700e-07
   1.0155150e+03  -8.8228900e+01  -1.7404700e-07
   1.0155650e+03  -8.8228900e+01  -1.7404700e-07
   1.0156150e+03  -8.8228900e+01  -1.7404700e-07
   1.0156650e+03  -8.8228900e+01  -1.7404700e-07
   1.0157150e+03  -8.8228900e+01  -1.7404700e-07
   1.0157650e+03  -8.8228900e+01  -1.7404700e-07
   1.0158150e+03  -8.8228900e+01  -1.7404700e-07
   1.0158650e+03  -8.8228900e+01  -1.7404700e-07
   1.0159150e+03  -8.8228900e+01  -1.7404700e-07
   1.0159650e+03  -8.8228900e+01  -1.7404700e-07
   1.0160150e+03  -8.8228900e+01  -1.7404700e-07
   1.0160650e+03  -8.8228900e+01  -1.7404700e-07
   1.0161150e+03  -8.8228900e+01  -1.7404700e-07
   1.0161650e+03  -8.8228900e+01  -1.7404700e-07
   1.0162150e+03  -8.8228900e+01  -1.7404700e-07
   1.0162650e+03  -8.8228900e+01  -1.7404700e-07
   1.0163150e+03  -8.8228900e+01  -1.7404700e-07
   1.0163650e+03  -8.8228900e+01  -1.7404700e-07
   1.0164150e+03  -8.8228900e+01  -1.7404700e-07
   1.0164650e+03  -8.8228900e+01  -1.7404700e-07
   1.0165150e+03  -8.8228900e+01  -1.7404700e-07
   1.0165650e+03  -8.8228900e+01  -1.7404700e-07
   1.0166150e+03  -8.8228900e+01  -1.7404700e-07
   1.0166650e+03  -8.8228900e+01  -1.7404700e-07
   1.0167150e+03  -8.8228900e+01  -1.7404700e-07
   1.0167650e+03  -8.8228900e+01  -1.7404700e-07
   1.0168150e+03  -8.8228900e+01  -1.7404700e-07
   1.0168650e+03  -8.8228900e+01  -1.7404700e-07
   1.0169150e+03  -8.8228900e+01  -1.7404700e-07
   1.0169650e+03  -8.8228900e+01  -1.7404700e-07
   1.0170150e+03  -8.8228900e+01  -1.7404700e-07
   1.0170650e+03  -8.8228900e+01  -1.7404700e-07
   1.0171150e+03  -8.8228900e+01  -1.7404700e-07
   1.0171650e+03  -8.8228900e+01  -1.7404700e-07
   1.0172150e+03  -8.8228900e+01  -1.7404700e-07
   1.0172650e+03  -8.8228900e+01  -1.7404700e-07
   1.0173150e+03  -8.8228900e+01  -1.7404700e-07
   1.0173650e+03  -8.8228900e+01  -1.7404700e-07
   1.0174150e+03  -8.8228900e+01  -1.7404700e-07
   1.0174650e+03  -8.8228900e+01  -1.7404700e-07
   1.0175150e+03  -8.8228900e+01  -1.7404700e-07
   1.0175650e+03  -8.8228900e+01  -1.7404700e-07
   1.0176150e+03  -8.8228900e+01  -1.7404700e-07
   1.0176650e+03  -8.8228900e+01  -1.7404700e-07
   1.0177150e+03  -8.8228900e+01  -1.7404700e-07
   1.0177650e+03  -8.8228900e+01  -1.7404700e-07
   1.0178150e+03  -8.8228900e+01  -1.7404700e-07
   1.0178650e+03  -8.8228900e+01  -1.7404700e-07
   1.0179150e+03  -8.8228900e+01  -1.7404700e-07
   1.0179650e+03  -8.8228900e+01  -1.7404700e-07
   1.0180150e+03  -8.8228900e+01  -1.7404700e-07
   1.0180650e+03  -8.8228900e+01  -1.7404700e-07
   1.0181150e+03  -8.8228900e+01  -1.7404700e-07
   1.0181650e+03  -8.8228900e+01  -1.7404700e-07
   1.0182150e+03  -8.8228900e+01  -1.7404700e-07
   1.0182650e+03  -8.8228900e+01  -1.7404700e-07
   1.0183150e+03  -8.8228900e+01  -1.7404700e-07
   1.0183650e+03  -8.8228900e+01  -1.7404700e-07
   1.0184150e+03  -8.8228900e+01  -1.7404700e-07
   1.0184650e+03  -8.8228900e+01  -1.7404700e-07
   1.0185150e+03  -8.8228900e+01  -1.7404700e-07
   1.0185650e+03  -8.8228900e+01  -1.7404700e-07
   1.0186150e+03  -8.8228900e+01  -1.7404700e-07
   1.0186650e+03  -8.8228900e+01  -1.7404700e-07
   1.0187150e+03  -8.8228900e+01  -1.7404700e-07
   1.0187650e+03  -8.8228900e+01  -1.7404700e-07
   1.0188150e+03  -8.8228900e+01  -1.7404700e-07
   1.0188650e+03  -8.8228900e+01  -1.7404700e-07
   1.0189150e+03  -8.8228900e+01  -1.7404700e-07
   1.0189650e+03  -8.8228900e+01  -1.7404700e-07
   1.0190150e+03  -8.8228900e+01  -1.7404700e-07
   1.0190650e+03  -8.8228900e+01  -1.7404700e-07
   1.0191150e+03  -8.8228900e+01  -1.7404700e-07
   1.0191650e+03  -8.8228900e+01  -1.7404700e-07
   1.0192150e+03  -8.8228900e+01  -1.7404700e-07
   1.0192650e+03  -8.8228900e+01  -1.7404700e-07
   1.0193150e+03  -8.8228900e+01  -1.7404700e-07
   1.0193650e+03  -8.8228900e+01  -1.7404700e-07
   1.0194150e+03  -8.8228900e+01  -1.7404700e-07
   1.0194650e+03  -8.8228900e+01  -1.7404700e-07
   1.0195150e+03  -8.8228900e+01  -1.7404700e-07
   1.0195650e+03  -8.8228900e+01  -1.7404700e-07
   1.0196150e+03  -8.8228900e+01  -1.7404700e-07
   1.0196650e+03  -8.8228900e+01  -1.7404700e-07
   1.0197150e+03  -8.8228900e+01  -1.7404700e-07
   1.0197650e+03  -8.8228900e+01  -1.7404700e-07
   1.0198150e+03  -8.8228900e+01  -1.7404700e-07
   1.0198650e+03  -8.8228900e+01  -1.7404700e-07
   1.0199150e+03  -8.8228900e+01  -1.7404700e-07
   1.0199650e+03  -8.8228900e+01  -1.7404700e-07
   1.0200150e+03  -8.8228900e+01  -1.7404700e-07
   1.0200650e+03  -8.8228900e+01  -1.7404700e-07
   1.0201150e+03  -8.8228900e+01  -1.7404700e-07
   1.0201650e+03  -8.8228900e+01  -1.7404700e-07
   1.0202150e+03  -8.8228900e+01  -1.7404700e-07
   1.0202650e+03  -8.8228900e+01  -1.7404700e-07
   1.0203150e+03  -8.8228900e+01  -1.7404700e-07
   1.0203650e+03  -8.8228900e+01  -1.7404700e-07
   1.0204150e+03  -8.8228900e+01  -1.7404700e-07
   1.0204650e+03  -8.8228900e+01  -1.7404700e-07
   1.0205150e+03  -8.8228900e+01  -1.7404700e-07
   1.0205650e+03  -8.8228900e+01  -1.7404700e-07
   1.0206150e+03  -8.8228900e+01  -1.7404700e-07
   1.0206650e+03  -8.8228900e+01  -1.7404700e-07
   1.0207150e+03  -8.8228900e+01  -1.7404700e-07
   1.0207650e+03  -8.8228900e+01  -1.7404700e-07
   1.0208150e+03  -8.8228900e+01  -1.7404700e-07
   1.0208650e+03  -8.8228900e+01  -1.7404700e-07
   1.0209150e+03  -8.8228900e+01  -1.7404700e-07
   1.0209650e+03  -8.8228900e+01  -1.7404700e-07
   1.0210150e+03  -8.8228900e+01  -1.7404700e-07
   1.0210650e+03  -8.8228900e+01  -1.7404700e-07
   1.0211150e+03  -8.8228900e+01  -1.7404700e-07
   1.0211650e+03  -8.8228900e+01  -1.7404700e-07
   1.0212150e+03  -8.8228900e+01  -1.7404700e-07
   1.0212650e+03  -8.8228900e+01  -1.7404700e-07
   1.0213150e+03  -8.8228900e+01  -1.7404700e-07
   1.0213650e+03  -8.8228900e+01  -1.7404700e-07
   1.0214150e+03  -8.8228900e+01  -1.7404700e-07
   1.0214650e+03  -8.8228900e+01  -1.7404700e-07
   1.0215150e+03  -8.8228900e+01  -1.7404700e-07
   1.0215650e+03  -8.8228900e+01  -1.7404700e-07
   1.0216150e+03  -8.8228900e+01  -1.7404700e-07
   1.0216650e+03  -8.8228900e+01  -1.7404700e-07
   1.0217150e+03  -8.8228900e+01  -1.7404700e-07
   1.0217650e+03  -8.8228900e+01  -1.7404700e-07
   1.0218150e+03  -8.8228900e+01  -1.7404700e-07
   1.0218650e+03  -8.8228900e+01  -1.7404700e-07
   1.0219150e+03  -8.8228900e+01  -1.7404700e-07
   1.0219650e+03  -8.8228900e+01  -1.7404700e-07
   1.0220150e+03  -8.8228900e+01  -1.7404700e-07
   1.0220650e+03  -8.8228900e+01  -1.7404700e-07
   1.0221150e+03  -8.8228900e+01  -1.7404700e-07
   1.0221650e+03  -8.8228900e+01  -1.7404700e-07
   1.0222150e+03  -8.8228900e+01  -1.7404700e-07
   1.0222650e+03  -8.8228900e+01  -1.7404700e-07
   1.0223150e+03  -8.8228900e+01  -1.7404700e-07
   1.0223650e+03  -8.8228900e+01  -1.7404700e-07
   1.0224150e+03  -8.8228900e+01  -1.7404700e-07
   1.0224650e+03  -8.8228900e+01  -1.7404700e-07
   1.0225150e+03  -8.8228900e+01  -1.7404700e-07
   1.0225650e+03  -8.8228900e+01  -1.7404700e-07
   1.0226150e+03  -8.8228900e+01  -1.7404700e-07
   1.0226650e+03  -8.8228900e+01  -1.7404700e-07
   1.0227150e+03  -8.8228900e+01  -1.7404700e-07
   1.0227650e+03  -8.8228900e+01  -1.7404700e-07
   1.0228150e+03  -8.8228900e+01  -1.7404700e-07
   1.0228650e+03  -8.8228900e+01  -1.7404700e-07
   1.0229150e+03  -8.8228900e+01  -1.7404700e-07
   1.0229650e+03  -8.8228900e+01  -1.7404700e-07
   1.0230150e+03  -8.8228900e+01  -1.7404700e-07
   1.0230650e+03  -8.8228900e+01  -1.7404700e-07
   1.0231150e+03  -8.8228900e+01  -1.7404700e-07
   1.0231650e+03  -8.8228900e+01  -1.7404700e-07
   1.0232150e+03  -8.8228900e+01  -1.7404700e-07
   1.0232650e+03  -8.8228900e+01  -1.7404700e-07
   1.0233150e+03  -8.8228900e+01  -1.7404700e-07
   1.0233650e+03  -8.8228900e+01  -1.7404700e-07
   1.0234150e+03  -8.8228900e+01  -1.7404700e-07
   1.0234650e+03  -8.8228900e+01  -1.7404700e-07
   1.0235150e+03  -8.8228900e+01  -1.7404700e-07
   1.0235650e+03  -8.8228900e+01  -1.7404700e-07
   1.0236150e+03  -8.8228900e+01  -1.7404700e-07
   1.0236650e+03  -8.8228900e+01  -1.7404700e-07
   1.0237150e+03  -8.8228900e+01  -1.7404700e-07
   1.0237650e+03  -8.8228900e+01  -1.7404700e-07
   1.0238150e+03  -8.8228900e+01  -1.7404700e-07
   1.0238650e+03  -8.8228900e+01  -1.7404700e-07
   1.0239150e+03  -8.8228900e+01  -1.7404700e-07
   1.0239650e+03  -8.8228900e+01  -1.7404700e-07
   1.0240150e+03  -8.8228900e+01  -1.7404700e-07
   1.0240650e+03  -8.8228900e+01  -1.7404700e-07
   1.0241150e+03  -8.8228900e+01  -1.7404700e-07
   1.0241650e+03  -8.8228900e+01  -1.7404700e-07
   1.0242150e+03  -8.8228900e+01  -1.7404700e-07
   1.0242650e+03  -8.8228900e+01  -1.7404700e-07
   1.0243150e+03  -8.8228900e+01  -1.7404700e-07
   1.0243650e+03  -8.8228900e+01  -1.7404700e-07
   1.0244150e+03  -8.8228900e+01  -1.7404700e-07
   1.0244650e+03  -8.8228900e+01  -1.7404700e-07
   1.0245150e+03  -8.8228900e+01  -1.7404700e-07
   1.0245650e+03  -8.8228900e+01  -1.7404700e-07
   1.0246150e+03  -8.8228900e+01  -1.7404700e-07
   1.0246650e+03  -8.8228900e+01  -1.7404700e-07
   1.0247150e+03  -8.8228900e+01  -1.7404700e-07
   1.0247650e+03  -8.8228900e+01  -1.7404700e-07
   1.0248150e+03  -8.8228900e+01  -1.7404700e-07
   1.0248650e+03  -8.8228900e+01  -1.7404700e-07
   1.0249150e+03  -8.8228900e+01  -1.7404700e-07
   1.0249650e+03  -8.8228900e+01  -1.7404700e-07
   1.0250150e+03  -8.8228900e+01  -1.7404700e-07
   1.0250650e+03  -8.8228900e+01  -1.7404700e-07
   1.0251150e+03  -8.8228900e+01  -1.7404700e-07
   1.0251650e+03  -8.8228900e+01  -1.7404700e-07
   1.0252150e+03  -8.8228900e+01  -1.7404700e-07
   1.0252650e+03  -8.8228900e+01  -1.7404700e-07
   1.0253150e+03  -8.8228900e+01  -1.7404700e-07
   1.0253650e+03  -8.8228900e+01  -1.7404700e-07
   1.0254150e+03  -8.8228900e+01  -1.7404700e-07
   1.0254650e+03  -8.8228900e+01  -1.7404700e-07
   1.0285000e+03  -8.8228900e+01  -1.7404700e-07
   1.0385000e+03  -8.8228900e+01  -1.7404700e-07
   1.0485000e+03  -8.8228900e+01  -1.7404700e-07
   1.0585000e+03  -8.8228900e+01  -1.7404700e-07
   1.0685000e+03  -8.8228900e+01  -1.7404700e-07
   1.0785000e+03  -8.8228900e+01  -1.7404700e-07
   1.0885000e+03  -8.8228900e+01  -1.7404700e-07
   1.0985000e+03  -8.8228900e+01  -1.7404700e-07
   1.1085000e+03  -8.8228900e+01  -1.7404700e-07
   1.1185000e+03  -8.8228900e+01  -1.7404700e-07
   1.1285000e+03  -8.8228900e+01  -1.7404700e-07
   1.1385000e+03  -8.8228900e+01  -1.7404700e-07
   1.1485000e+03  -8.8228900e+01  -1.7404700e-07
   1.1585000e+03  -8.8228900e+01  -1.7404700e-07
   1.1685000e+03  -8.8228900e+01  -1.7404700e-07
   1.1785000e+03  -8.8228900e+01  -1.7404700e-07
   1.1885000e+03  -8.8228900e+01  -1.7404700e-07
   1.1985000e+03  -8.8228900e+01  -1.7404700e-07
   1.2085000e+03  -8.8228900e+01  -1.7404700e-07
   1.2185000e+03  -8.8228900e+01  -1.7404700e-07
   1.2285000e+03  -8.8228900e+01  -1.7404700e-07
   1.2385000e+03  -8.8228900e+01  -1.7404700e-07
   1.2485000e+03  -8.8228900e+01  -1.7404600e-07
   1.2585000e+03  -8.8228900e+01  -1.7404600e-07
   1.2685000e+03  -8.8228900e+01  -1.7404600e-07
   1.2785000e+03  -8.8228900e+01  -1.7404600e-07
   1.2885000e+03  -8.8228900e+01  -1.7404600e-07
   1.2985000e+03  -8.8228900e+01  -1.7404600e-07
   1.3085000e+03  -8.8228900e+01  -1.7404600e-07
   1.3185000e+03  -8.8228900e+01  -1.7404600e-07
   1.3285000e+03  -8.8228900e+01  -1.7404600e-07
   1.3385000e+03  -8.8228900e+01  -1.7404600e-07
   1.3485000e+03  -8.8228900e+01  -1.7404600e-07
   1.3585000e+03  -8.8228900e+01  -1.7404600e-07
   1.3685000e+03  -8.8228900e+01  -1.7404600e-07
   1.3785000e+03  -8.8228900e+01  -1.7404600e-07
   1.3885000e+03  -8.8228900e+01  -1.7404600e-07
   1.3985000e+03  -8.8228900e+01  -1.7404600e-07
   1.4085000e+03  -8.8228900e+01  -1.7404600e-07
   1.4185000e+03  -8.8228900e+01  -1.7404600e-07
   1.4285000e+03  -8.8228900e+01  -1.7404600e-07
   1.4385000e+03  -8.8228900e+01  -1.7404600e-07
   1.4485000e+03  -8.8228900e+01  -1.7404600e-07
   1.4585000e+03  -8.8228900e+01  -1.7404600e-07
   1.4685000e+03  -8.8228900e+01  -1.7404600e-07
   1.4785000e+03  -8.8228900e+01  -1.7404600e-07
   1.4885000e+03  -8.8228900e+01  -1.7404600e-07
   1.4985000e+03  -8.8228900e+01  -1.7404600e-07
   1.5085000e+03  -8.8228900e+01  -1.7404600e-07
   1.5185000e+03  -8.8228900e+01  -1.7404600e-07
   1.5285000e+03  -8.8228900e+01  -1.7404600e-07
   1.5385000e+03  -8.8228900e+01  -1.7404600e-07
   1.5485000e+03  -8.8228900e+01  -1.7404600e-07
   1.5585000e+03  -8.8228900e+01  -1.7404600e-07
   1.5685000e+03  -8.8228900e+01  -1.7404600e-07
   1.5785000e+03  -8.8228900e+01  -1.7404600e-07
   1.5885000e+03  -8.8228900e+01  -1.7404600e-07
   1.5985000e+03  -8.8228900e+01  -1.7404600e-07
   1.6085000e+03  -8.8228900e+01  -1.7404600e-07
   1.6185000e+03  -8.8228900e+01  -1.7404600e-07
   1.6285000e+03  -8.8228900e+01  -1.7404600e-07
   1.6385000e+03  -8.8228900e+01  -1.7404600e-07
   1.6485000e+03  -8.8228900e+01  -1.7404600e-07
   1.6585000e+03  -8.8228900e+01  -1.7404600e-07
   1.6685000e+03  -8.8228900e+01  -1.7404600e-07
   1.6785000e+03  -8.8228900e+01  -1.7404600e-07
   1.6885000e+03  -8.8228900e+01  -1.7404600e-07
   1.6985000e+03  -8.8228900e+01  -1.7404600e-07
   1.7085000e+03  -8.8228900e+01  -1.7404600e-07
   1.7185000e+03  -8.8228900e+01  -1.7404600e-07
   1.7285000e+03  -8.8228900e+01  -1.7404600e-07
   1.7385000e+03  -8.8228900e+01  -1.7404600e-07
   1.7485000e+03  -8.8228900e+01  -1.7404600e-07
   1.7585000e+03  -8.8228900e+01  -1.7404600e-07
   1.7685000e+03  -8.8228900e+01  -1.7404600e-07
   1.7785000e+03  -8.8228900e+01  -1.7404600e-07
   1.7885000e+03  -8.8228900e+01  -1.7404500e-07
   1.7985000e+03  -8.8228900e+01  -1.7404500e-07
   1.8085000e+03  -8.8228900e+01  -1.7404500e-07
   1.8185000e+03  -8.8228900e+01  -1.7404500e-07
   1.8285000e+03  -8.8228900e+01  -1.7404500e-07
   1.8385000e+03  -8.8228900e+01  -1.7404500e-07
   1.8485000e+03  -8.8228900e+01  -1.7404500e-07
   1.8585000e+03  -8.8228900e+01  -1.7404500e-07
   1.8685000e+03  -8.8228900e+01  -1.7404500e-07
   1.8785000e+03  -8.8228900e+01  -1.7404500e-07
   1.8885000e+03  -8.8228900e+01  -1.7404500e-07
   1.8985000e+03  -8.8228900e+01  -1.7404500e-07
   1.9085000e+03  -8.8228900e+01  -1.7404500e-07
   1.9185000e+03  -8.8228900e+01  -1.7404500e-07
   1.9285000e+03  -8.8229000e+01  -1.7404500e-07
   1.9385000e+03  -8.8229000e+01  -1.7404500e-07
   1.9485000e+03  -8.8229000e+01  -1.7404500e-07
   1.9585000e+03  -8.8229000e+01  -1.7404500e-07
   1.9685000e+03  -8.8229000e+01  -1.7404500e-07
   1.9785000e+03  -8.8229000e+01  -1.7404500e-07
   1.9885000e+03  -8.8229000e+01  -1.7404500e-07
   1.9985000e+03  -8.8229000e+01  -1.7404500e-07
   1.9985500e+03  -8.8229000e+01  -1.7404500e-07
   1.9986000e+03  -8.8229000e+01  -1.7404500e-07
   1.9986500e+03  -8.8229000e+01  -1.7404500e-07
   1.9987000e+03  -8.8229000e+01  -1.7404500e-07
   1.9987500e+03  -8.8229000e+01  -1.7404500e-07
   1.9988000e+03  -8.8229000e+01  -1.7404500e-07
   1.9988500e+03  -8.8229000e+01  -1.7404500e-07
   1.9989000e+03  -8.8229000e+01  -1.7404500e-07
   1.9989500e+03  -8.8229000e+01  -1.7404500e-07
   1.9990000e+03  -8.8229000e+01  -1.7404500e-07
   1.9990500e+03  -8.8229000e+01  -1.7404500e-07
   1.9991000e+03  -8.8229000e+01  -1.7404500e-07
   1.9991500e+03  -8.8229000e+01  -1.7404500e-07
   1.9992000e+03  -8.8229000e+01  -1.7404500e-07
   1.9992500e+03  -8.8229000e+01  -1.7404500e-07
   1.9993000e+03  -8.8229000e+01  -1.7404500e-07
   1.9993500e+03  -8.8229000e+01  -1.7404500e-07
   1.9994000e+03  -8.8229000e+01  -1.7404500e-07
   1.9994500e+03  -8.8229000e+01  -1.7404500e-07
   1.9995000e+03  -8.8229000e+01  -1.7404500e-07
   1.9995500e+03  -8.8229000e+01  -1.7404500e-07
   1.9996000e+03  -8.8229000e+01  -1.7404500e-07
   1.9996500e+03  -8.8229000e+01  -1.7404500e-07
   1.9997000e+03  -8.8229000e+01  -1.7404500e-07
   1.9997500e+03  -8.8229000e+01  -1.7404500e-07
   1.9998000e+03  -8.8229000e+01  -1.7404500e-07
   1.9998500e+03  -8.8229000e+01  -1.7404500e-07
   1.9999000e+03  -8.8229000e+01  -1.7404500e-07
   1.9999500e+03  -8.8229000e+01  -1.7404500e-07
   2.0000000e+03  -8.8229000e+01  -1.7404500e-07
